Wall time,Step,Value
1756838765.4607177,20,20.0
1756838765.634066,46,26.0
1756838765.7091994,58,12.0
1756838765.764813,68,10.0
1756838765.919794,96,28.0
1756838766.1407905,136,40.0
1756838766.214673,148,12.0
1756838766.2773554,158,10.0
1756838766.5243232,197,39.0
1756838766.7692375,241,44.0
1756838766.836501,252,11.0
1756838766.9196026,266,14.0
1756838766.9936612,279,13.0
1756838767.0519881,289,10.0
1756838767.2810054,331,42.0
1756838767.3399265,341,10.0
1756838767.4836316,366,25.0
1756838767.580024,383,17.0
1756838767.7616808,417,34.0
1756838767.8942902,441,24.0
1756838767.959666,453,12.0
1756838768.0502949,468,15.0
1756838768.1486075,485,17.0
1756838768.213974,496,11.0
1756838768.3350458,518,22.0
1756838768.3977733,528,10.0
1756838768.4834855,542,14.0
1756838768.7945147,595,53.0
1756838768.886629,611,16.0
1756838769.0792239,646,35.0
1756838769.185965,664,18.0
1756838769.3227682,688,24.0
1756838769.5371466,715,27.0
1756838769.6085167,727,12.0
1756838769.8199484,764,37.0
1756838769.9291544,783,19.0
1756838770.0828805,808,25.0
1756838770.2432468,835,27.0
1756838770.3678553,856,21.0
1756838770.721551,916,60.0
1756838770.8036377,930,14.0
1756838770.9746425,959,29.0
1756838771.3247476,1020,61.0
1756838771.457519,1044,24.0
1756838771.6710443,1081,37.0
1756838771.743731,1094,13.0
1756838771.8768806,1117,23.0
1756838772.057001,1148,31.0
1756838772.1292746,1160,12.0
1756838772.223835,1177,17.0
1756838772.3040216,1190,13.0
1756838772.375739,1203,13.0
1756838772.4756389,1221,18.0
1756838772.62715,1247,26.0
1756838772.7116358,1261,14.0
1756838772.8140805,1277,16.0
1756838772.9378226,1295,18.0
1756838773.019333,1309,14.0
1756838773.1885753,1339,30.0
1756838773.2996094,1358,19.0
1756838773.4370594,1383,25.0
1756838773.5860298,1410,27.0
1756838773.7155662,1432,22.0
1756838773.8022175,1446,14.0
1756838773.9261217,1468,22.0
1756838774.0134144,1484,16.0
1756838774.0805533,1495,11.0
1756838774.401215,1552,57.0
1756838774.4871356,1567,15.0
1756838774.5858915,1584,17.0
1756838774.666299,1598,14.0
1756838774.7286084,1608,10.0
1756838774.8283553,1627,19.0
1756838774.9424129,1645,18.0
1756838775.096312,1667,22.0
1756838775.229996,1690,23.0
1756838775.3036084,1702,12.0
1756838775.4773958,1732,30.0
1756838775.5584846,1745,13.0
1756838775.652407,1761,16.0
1756838775.7334754,1775,14.0
1756838775.8468428,1794,19.0
1756838776.01527,1823,29.0
1756838776.0992584,1837,14.0
1756838776.393574,1888,51.0
1756838776.4803464,1903,15.0
1756838776.6287863,1928,25.0
1756838776.687715,1938,10.0
1756838776.7907386,1956,18.0
1756838776.8707292,1969,13.0
1756838777.1061897,2012,43.0
1756838777.244574,2031,19.0
1756838777.3776138,2053,22.0
1756838777.4588652,2067,14.0
1756838777.5462675,2081,14.0
1756838777.6613855,2101,20.0
1756838777.7486742,2115,14.0
1756838777.8278797,2128,13.0
1756838777.9166675,2143,15.0
1756838778.1442857,2182,39.0
1756838778.321515,2214,32.0
1756838778.4830458,2230,16.0
1756838778.6219473,2254,24.0
1756838778.7065773,2268,14.0
1756838778.8030124,2284,16.0
1756838779.0721078,2330,46.0
1756838779.1416094,2341,11.0
1756838779.328589,2370,29.0
1756838779.4440315,2385,15.0
1756838779.5120413,2395,10.0
1756838779.641335,2418,23.0
1756838779.768288,2438,20.0
1756838779.8695138,2453,15.0
1756838780.0164695,2477,24.0
1756838780.2216227,2512,35.0
1756838780.4177446,2543,31.0
1756838780.5137274,2559,16.0
1756838780.593721,2572,13.0
1756838780.6728919,2584,12.0
1756838780.8202498,2609,25.0
1756838781.0499568,2647,38.0
1756838781.3392105,2693,46.0
1756838781.4364917,2709,16.0
1756838781.5511081,2725,16.0
1756838781.6446705,2738,13.0
1756838781.7527707,2756,18.0
1756838781.8243756,2768,12.0
1756838781.8974102,2779,11.0
1756838782.0638962,2802,23.0
1756838782.1859782,2822,20.0
1756838782.307705,2842,20.0
1756838782.476694,2870,28.0
1756838782.622256,2894,24.0
1756838782.721223,2908,14.0
1756838782.8738825,2934,26.0
1756838782.9463882,2946,12.0
1756838783.1672475,2982,36.0
1756838783.4082222,3021,39.0
1756838783.5946233,3048,27.0
1756838783.721291,3064,16.0
1756838784.3153543,3149,85.0
1756838784.4353426,3163,14.0
1756838784.5811572,3187,24.0
1756838784.653642,3199,12.0
1756838784.7734008,3219,20.0
1756838784.9152355,3235,16.0
1756838785.1316833,3268,33.0
1756838785.383545,3311,43.0
1756838785.4614587,3324,13.0
1756838785.7148268,3370,46.0
1756838785.7915456,3383,13.0
1756838786.13471,3437,54.0
1756838786.2085292,3450,13.0
1756838786.5019948,3505,55.0
1756838786.613569,3524,19.0
1756838786.6969738,3538,14.0
1756838786.7963626,3553,15.0
1756838786.8836925,3566,13.0
1756838786.965738,3579,13.0
1756838787.1373515,3606,27.0
1756838787.3864205,3631,25.0
1756838787.5139167,3646,15.0
1756838787.6575203,3666,20.0
1756838787.9512343,3704,38.0
1756838788.0776653,3717,13.0
1756838788.3873675,3758,41.0
1756838788.4894958,3774,16.0
1756838788.7846851,3824,50.0
1756838789.174061,3897,73.0
1756838789.3391876,3913,16.0
1756838789.563564,3940,27.0
1756838789.835783,3971,31.0
1756838789.9866507,3988,17.0
1756838790.100052,4001,13.0
1756838790.4181125,4040,39.0
1756838790.5761833,4059,19.0
1756838790.8790486,4094,35.0
1756838791.0076616,4109,15.0
1756838791.2775855,4140,31.0
1756838791.3882282,4153,13.0
1756838791.721742,4192,39.0
1756838791.9436994,4217,25.0
1756838792.1122355,4236,19.0
1756838792.3073337,4260,24.0
1756838792.6127892,4298,38.0
1756838792.8717637,4329,31.0
1756838793.1517448,4361,32.0
1756838793.3604298,4388,27.0
1756838793.506047,4406,18.0
1756838793.7731142,4431,25.0
1756838793.977549,4453,22.0
1756838794.2036524,4479,26.0
1756838794.3948405,4501,22.0
1756838794.8488567,4558,57.0
1756838795.2840216,4609,51.0
1756838795.760278,4665,56.0
1756838796.0392654,4693,28.0
1756838796.3663027,4727,34.0
1756838796.6792119,4761,34.0
1756838797.002679,4795,34.0
1756838797.3472986,4833,38.0
1756838797.6382086,4864,31.0
1756838797.954322,4898,34.0
1756838798.271392,4932,34.0
1756838798.7419844,4984,52.0
1756838799.0545628,5018,34.0
1756838799.31637,5053,35.0
1756838799.4551916,5067,14.0
1756838799.625025,5085,18.0
1756838800.0861402,5135,50.0
1756838800.2713604,5155,20.0
1756838800.427836,5173,18.0
1756838800.929144,5232,59.0
1756838801.3810475,5288,56.0
1756838801.9658606,5354,66.0
1756838802.114649,5369,15.0
1756838802.4548357,5406,37.0
1756838802.6885042,5431,25.0
1756838802.8933084,5452,21.0
1756838803.3828902,5507,55.0
1756838803.784945,5553,46.0
1756838804.4584115,5627,74.0
1756838804.7537096,5660,33.0
1756838804.997218,5687,27.0
1756838805.2343812,5715,28.0
1756838805.3884988,5734,19.0
1756838805.5661454,5756,22.0
1756838805.8229814,5791,35.0
1756838806.0262344,5815,24.0
1756838806.205707,5835,20.0
1756838806.3318129,5851,16.0
1756838806.4570105,5866,15.0
1756838806.6401274,5888,22.0
1756838806.9042928,5919,31.0
1756838807.6204877,5995,76.0
1756838807.978002,6038,43.0
1756838808.1188462,6053,15.0
1756838808.4482136,6090,37.0
1756838808.6401346,6112,22.0
1756838808.8499336,6135,23.0
1756838809.1380045,6168,33.0
1756838809.8218179,6247,79.0
1756838809.9508922,6261,14.0
1756838810.1103175,6279,18.0
1756838810.4196649,6316,37.0
1756838810.554373,6333,17.0
1756838810.7926872,6360,27.0
1756838810.999569,6382,22.0
1756838811.4438329,6434,52.0
1756838811.99121,6496,62.0
1756838812.8631492,6606,110.0
1756838813.3161159,6659,53.0
1756838813.606816,6694,35.0
1756838814.0564177,6746,52.0
1756838814.2134726,6764,18.0
1756838814.4618208,6794,30.0
1756838814.5594769,6809,15.0
1756838814.6716044,6822,13.0
1756838814.8539116,6842,20.0
1756838815.5564675,6923,81.0
1756838815.8452306,6956,33.0
1756838815.9843116,6972,16.0
1756838816.3222196,7011,39.0
1756838816.559979,7038,27.0
1756838817.1368005,7110,72.0
1756838817.2465415,7123,13.0
1756838817.8009295,7186,63.0
1756838818.012133,7209,23.0
1756838818.4593189,7264,55.0
1756838818.6032286,7282,18.0
1756838818.8010507,7303,21.0
1756838819.065277,7336,33.0
1756838819.7902133,7409,73.0
1756838820.335544,7478,69.0
1756838820.5741608,7506,28.0
1756838820.7746797,7530,24.0
1756838821.3056316,7589,59.0
1756838821.7400339,7642,53.0
1756838822.776727,7760,118.0
1756838823.2725163,7819,59.0
1756838823.4400175,7837,18.0
1756838823.911435,7882,45.0
1756838824.0228171,7894,12.0
1756838824.4098372,7941,47.0
1756838824.8168557,7998,57.0
1756838825.2744386,8080,82.0
1756838825.5494707,8125,45.0
1756838825.755227,8158,33.0
1756838825.9730506,8198,40.0
1756838826.2140834,8242,44.0
1756838826.3290613,8261,19.0
1756838826.7806904,8338,77.0
1756838827.4193714,8449,111.0
1756838828.2215776,8577,128.0
1756838828.3222203,8592,15.0
1756838828.428762,8610,18.0
1756838828.6849713,8658,48.0
1756838829.2152846,8753,95.0
1756838829.383857,8781,28.0
1756838829.7731075,8847,66.0
1756838830.0754747,8900,53.0
1756838830.2479715,8929,29.0
1756838831.0103977,9062,133.0
1756838831.22633,9100,38.0
1756838831.4741378,9144,44.0
1756838831.8396993,9210,66.0
1756838832.1721966,9266,56.0
1756838832.3085778,9289,23.0
1756838832.4346547,9311,22.0
1756838832.5157824,9325,14.0
1756838832.7106643,9360,35.0
1756838833.0442953,9420,60.0
1756838833.2460392,9454,34.0
1756838833.8231685,9558,104.0
1756838833.9454863,9580,22.0
1756838834.3934186,9656,76.0
1756838834.5603054,9685,29.0
1756838835.2531357,9803,118.0
1756838835.369889,9821,18.0
1756838835.9478722,9924,103.0
1756838836.0689974,9945,21.0
1756838836.2992756,9983,38.0
1756838836.9188879,10097,114.0
1756838837.175819,10139,42.0
1756838837.7798605,10227,88.0
1756838838.5245626,10346,119.0
1756838838.876814,10400,54.0
1756838839.087774,10438,38.0
1756838839.5773468,10518,80.0
1756838839.9115138,10578,60.0
1756838840.3709242,10660,82.0
1756838840.6157804,10699,39.0
1756838840.71797,10712,13.0
1756838841.175082,10789,77.0
1756838841.2367628,10799,10.0
1756838841.4019253,10827,28.0
1756838841.813759,10897,70.0
1756838842.0906742,10946,49.0
1756838842.4326596,10993,47.0
1756838844.2012167,11269,276.0
1756838844.3755133,11298,29.0
1756838845.8836133,11575,277.0
1756838846.385167,11664,89.0
1756838846.9917023,11771,107.0
1756838847.4186513,11842,71.0
1756838848.4473815,11964,122.0
1756838849.8930445,12108,144.0
1756838850.3803196,12158,50.0
1756838850.698191,12185,27.0
1756838850.8120005,12200,15.0
1756838852.0149999,12301,101.0
1756838852.884359,12413,112.0
1756838853.1399126,12449,36.0
1756838854.106635,12585,136.0
1756838854.5924442,12642,57.0
1756838854.7618442,12669,27.0
1756838855.1737268,12738,69.0
1756838857.6997807,13116,378.0
1756838858.5901299,13251,135.0
1756838859.6877308,13435,184.0
1756838860.9954002,13652,217.0
1756838861.5705404,13753,101.0
1756838862.6684768,13941,188.0
1756838863.2857654,14049,108.0
1756838863.8965619,14149,100.0
1756838865.039983,14257,108.0
1756838865.7142632,14310,53.0
1756838866.188902,14368,58.0
1756838866.9500072,14466,98.0
1756838868.260878,14624,158.0
1756838868.357497,14636,12.0
1756838869.0385454,14723,87.0
1756838869.561787,14799,76.0
1756838870.1110733,14885,86.0
1756838870.5312068,14958,73.0
1756838870.9863172,15035,77.0
1756838871.3268123,15094,59.0
1756838871.681037,15152,58.0
1756838871.9539673,15201,49.0
1756838872.317686,15267,66.0
1756838872.718599,15341,74.0
1756838873.2510085,15440,99.0
1756838873.5803778,15499,59.0
1756838873.6608877,15513,14.0
1756838874.1649227,15598,85.0
1756838874.631104,15679,81.0
1756838875.1103368,15764,85.0
1756838875.3528855,15806,42.0
1756838875.825213,15890,84.0
1756838876.3633466,15983,93.0
1756838876.7133014,16044,61.0
1756838877.1001375,16114,70.0
1756838877.5976343,16208,94.0
1756838878.3384333,16331,123.0
1756838878.812484,16413,82.0
1756838879.284808,16497,84.0
1756838879.5924559,16551,54.0
1756838879.9939396,16624,73.0
1756838880.570334,16720,96.0
1756838881.136485,16818,98.0
1756838881.5551972,16890,72.0
1756838882.1210108,16991,101.0
1756838882.7705362,17100,109.0
1756838883.450485,17220,120.0
1756838884.1597238,17333,113.0
1756838884.5753,17407,74.0
1756838885.0086777,17484,77.0
1756838885.4541764,17565,81.0
1756838885.9041476,17648,83.0
1756838886.5462272,17763,115.0
1756838886.663714,17782,19.0
1756838887.312984,17895,113.0
1756838888.5660002,18116,221.0
1756838888.8050861,18158,42.0
1756838889.4845874,18277,119.0
1756838890.5886302,18454,177.0
1756838892.0338032,18632,178.0
1756838894.238175,18942,310.0
1756838894.9983594,19061,119.0
1756838896.2814443,19264,203.0
1756838897.7412052,19512,248.0
1756838900.3517916,19832,320.0
1756838902.3641427,20065,233.0
1756838905.513913,20421,356.0
1756838908.708801,20786,365.0
1756838911.5593262,21128,342.0
1756838915.0013158,21544,416.0
1756838917.4335642,21866,322.0
1756838921.7234125,22357,491.0
1756838925.958505,22857,500.0
1756838928.5143847,23150,293.0
1756838931.0989754,23471,321.0
1756838933.1713104,23742,271.0
1756838935.1022406,23988,246.0
1756838937.4206133,24287,299.0
1756838939.9157445,24568,281.0
1756838943.010283,24915,347.0
1756838946.1078768,25263,348.0
1756838948.3676746,25521,258.0
1756838951.189687,25846,325.0
1756838951.3848546,25875,29.0
1756838953.2500353,26117,242.0
1756838955.034577,26401,284.0
1756838957.6834939,26744,343.0
1756838959.6095836,26880,136.0
1756838963.1204336,27228,348.0
1756838965.1644065,27472,244.0
1756838967.7572818,27786,314.0
1756838970.346599,28084,298.0
1756838972.5437074,28323,239.0
1756838975.8833692,28696,373.0
1756838976.6385684,28780,84.0
1756838979.6435192,29127,347.0
1756838983.494241,29604,477.0
1756838984.1254933,29706,102.0
1756838984.6240149,29790,84.0
1756838987.780508,30290,500.0
1756838988.3184745,30377,87.0
1756838990.030787,30611,234.0
1756838990.734073,30690,79.0
1756838992.811654,30926,236.0
1756838995.1846802,31192,266.0
1756838996.9180312,31388,196.0
1756838998.7681735,31598,210.0
1756839000.7804587,31820,222.0
1756839003.5692787,32135,315.0
1756839005.872855,32395,260.0
1756839008.6602678,32702,307.0
1756839012.0596597,33088,386.0
1756839013.9327703,33342,254.0
1756839016.8915892,33780,438.0
1756839019.889826,34221,441.0
1756839020.9129248,34386,165.0
1756839021.8325377,34542,156.0
1756839023.406087,34811,269.0
1756839024.140584,34940,129.0
1756839024.9013808,35070,130.0
1756839025.699479,35214,144.0
1756839026.5994864,35380,166.0
1756839027.5697763,35556,176.0
1756839028.4434195,35715,159.0
1756839029.3761904,35874,159.0
1756839030.3925939,36047,173.0
1756839032.1385074,36360,313.0
1756839034.118986,36706,346.0
1756839035.7552605,37003,297.0
1756839036.422158,37125,122.0
1756839037.7405417,37353,228.0
1756839038.0754013,37411,58.0
1756839039.408811,37646,235.0
1756839041.7861555,38078,432.0
1756839043.6960933,38415,337.0
1756839043.7731717,38429,14.0
1756839045.702726,38779,350.0
1756839046.5800796,38936,157.0
1756839047.7256126,39144,208.0
1756839050.4734876,39644,500.0
1756839052.588369,40022,378.0
1756839053.4661126,40177,155.0
1756839055.983851,40637,460.0
1756839056.8121867,40787,150.0
1756839057.576504,40922,135.0
1756839058.6870167,41119,197.0
1756839059.7146902,41291,172.0
1756839060.45093,41425,134.0
1756839060.7151656,41471,46.0
1756839061.6802368,41646,175.0
1756839062.3471568,41766,120.0
1756839063.4520304,41969,203.0
1756839064.1550417,42094,125.0
1756839064.9164917,42231,137.0
1756839065.5371692,42347,116.0
1756839066.2567642,42471,124.0
1756839067.07905,42614,143.0
1756839067.7921226,42743,129.0
1756839068.4326227,42854,111.0
1756839069.1852791,42990,136.0
1756839070.4093966,43205,215.0
1756839071.5513017,43398,193.0
1756839073.293782,43678,280.0
1756839074.306286,43846,168.0
1756839075.723289,44072,226.0
1756839076.5362945,44211,139.0
1756839077.5761344,44367,156.0
1756839078.3833652,44507,140.0
1756839079.17613,44635,128.0
1756839079.971111,44765,130.0
1756839081.2690978,44969,204.0
1756839082.5239308,45174,205.0
1756839083.4232304,45313,139.0
1756839084.5321767,45453,140.0
1756839085.425628,45583,130.0
1756839086.4538314,45730,147.0
1756839087.4197128,45886,156.0
1756839088.857904,46096,210.0
1756839089.6689544,46227,131.0
1756839090.4882915,46344,117.0
1756839091.5352461,46500,156.0
1756839091.8307388,46540,40.0
1756839092.7027714,46668,128.0
1756839093.3903127,46781,113.0
1756839094.1231081,46895,114.0
1756839095.066675,47026,131.0
1756839095.8440526,47146,120.0
1756839096.71697,47273,127.0
1756839097.3306856,47366,93.0
1756839098.4198947,47514,148.0
1756839099.2429948,47634,120.0
1756839100.301138,47797,163.0
1756839101.0848293,47914,117.0
1756839101.847009,48029,115.0
1756839102.7046487,48160,131.0
1756839103.4712625,48273,113.0
1756839104.3462956,48408,135.0
1756839105.250565,48543,135.0
1756839106.0786269,48668,125.0
1756839106.2108166,48686,18.0
1756839106.9876156,48805,119.0
1756839107.7744002,48920,115.0
1756839108.788775,49074,154.0
1756839109.5066736,49182,108.0
1756839110.6386752,49341,159.0
1756839111.375512,49447,106.0
1756839112.1611245,49555,108.0
1756839112.9915917,49676,121.0
1756839113.7689636,49788,112.0
1756839114.6565208,49908,120.0
